G:0   F:0 Vizinhos: 0, 1, 0, 1, 0, 0, 0, 0, 1.371
G:0   F:2 Vizinhos: 1, 0, 0, 0, 1, 0, 0, 0, 1.401
G:0   F:2 Vizinhos: 1, 0, 0, 0, 0, 1, 0, 0, 1.287
G:6   F:0 Vizinhos: 1, 0, 0, 0, 0, 0, 0, 0, 1.023
G:9   F:0 Vizinhos: 1, 0, 0, 0, 0, 1, 0, 0, 0.257
G:9   F:0 Vizinhos: 0, 1, 0, 1, 0, 0, 0, 0, 0.667
G:9   F:0 Vizinhos: 0, 1, 0, 1, 0, 0, 0, 0, 0.600
G:9   F:0 Vizinhos: 0, 1, 0, 1, 0, 0, 0, 0, 0.343
G:9   F:1 Vizinhos: 0, 1, 0, 1, 0, 0, 0, 0, 0.347
G:9   F:2 Vizinhos: 0, 1, 0, 1, 0, 0, 0, 0, 0.540
G:9   F:2 Vizinhos: 0, 1, 0, 1, 0, 0, 0, 0, 0.333
G:9   F:2 Vizinhos: 0, 1, 0, 1, 0, 0, 0, 0, 0.573
G:9   F:0 Vizinhos: 1, 0, 0, 0, 0, 0, 0, 0, -0.180
G:9   F:0 Vizinhos: 0, 1, 0, 1, 0, 0, 0, 0, 0.620
G:9   F:2 Vizinhos: 0, 1, 0, 1, 0, 0, 0, 0, 0.573
G:9   F:0 Vizinhos: 1, 0, 0, 0, 1, 0, 0, 0, 0.203
G:9   F:2 Vizinhos: 0, 1, 0, 1, 0, 0, 0, 0, 0.513
G:9   F:2 Vizinhos: 1, 0, 0, 0, 0, 0, 0, 0, 0.410
G:9   F:1 Vizinhos: 0, 1, 0, 1, 0, 0, 0, 0, 0.603
G:9   F:0 Vizinhos: 1, 0, 0, 0, 0, 0, 0, 0, 0.360
G:9   F:0 Vizinhos: 0, 0, 0, 0, 0, 0, 0, 0, 0.630
G:9   F:2 Vizinhos: 0, 0, 0, 0, 0, 0, 0, 0, 0.653
G:9   F:0 Vizinhos: 0, 0, 0, 0, 0, 0, 0, 0, 0.413
G:9   F:2 Vizinhos: 0, 0, 0, 0, 0, 0, 0, 0, 0.607
G:9   F:2 Vizinhos: 1, 0, 0, 0, 0, 0, 0, 0, 0.283
G:9   F:2 Vizinhos: 0, 1, 0, 1, 0, 0, 0, 0, 0.507
G:9   F:0 Vizinhos: 0, 1, 0, 1, 0, 0, 0, 0, 0.303
G:9   F:2 Vizinhos: 1, 0, 0, 0, 0, 1, 0, 0, 0.333
G:9   F:0 Vizinhos: 1, 0, 0, 0, 0, 0, 0, 0, 0.410
G:9   F:0 Vizinhos: 1, 0, 0, 0, 0, 1, 0, 0, 0.333
G:9   F:0 Vizinhos: 1, 0, 0, 0, 0, 0, 0, 0, 0.660
G:9   F:0 Vizinhos: 1, 0, 0, 0, 0, 0, 0, 0, 0.297
G:9   F:0 Vizinhos: 1, 0, 0, 0, 0, 0, 0, 0, 0.283
G:9   F:2 Vizinhos: 1, 0, 0, 0, 0, 1, 0, 0, 0.440
G:9   F:2 Vizinhos: 1, 0, 0, 0, 0, 0, 0, 0, 0.333
G:9   F:0 Vizinhos: 1, 0, 0, 0, 0, 1, 0, 0, 0.333
G:9   F:2 Vizinhos: 1, 0, 0, 0, 0, 0, 0, 0, 0.633
G:9   F:2 Vizinhos: 1, 0, 0, 0, 0, 0, 0, 0, 0.633
G:9   F:0 Vizinhos: 1, 0, 0, 0, 0, 0, 0, 0, 0.197
G:9   F:0 Vizinhos: 1, 0, 0, 0, 0, 0, 0, 0, 0.487
